0 0 57 -2760
0 1 1160 -883
0 2 2263 994
0 3 3366 2871
0 4 4469 4748
0 5 5572 6625
0 6 6675 -7882
0 7 7778 -6005
0 8 8881 -4128
0 9 9984 -2251
0 10 11087 -374
0 11 12190 1503
0 12 -11283 3380
0 13 -10180 5257
0 14 -9077 7134
0 15 -7974 -7373
0 16 -6871 -5496
0 17 -5768 -3619
0 18 -4665 -1742
0 19 -3562 135
0 20 -2459 2012
0 21 -1356 3889
0 22 -253 5766
0 23 850 7643
0 24 1953 -6864
0 25 3056 -4987
0 26 4159 -3110
0 27 5262 -1233
0 28 6365 644
0 29 7468 2521
0 30 8571 4398
0 31 9674 6275
0 32 10777 8152
0 33 11880 -6355
0 34 -11593 -4478
0 35 -10490 -2601
0 36 -9387 -724
0 37 -8284 1153
0 38 -7181 3030
0 39 -6078 4907
0 40 -4975 6784
0 41 -3872 -7723
0 42 -2769 -5846
0 43 -1666 -3969
0 44 -563 -2092
0 45 540 -215
0 46 1643 1662
0 47 2746 3539
0 48 3849 5416
0 49 4952 7293
0 50 6055 -7214
0 51 7158 -5337
0 52 8261 -3460
0 53 9364 -1583
0 54 10467 294
0 55 11570 2171
0 56 -11903 4048
0 57 -10800 5925
0 58 -9697 7802
0 59 -8594 -6705
0 60 -7491 -4828
0 61 -6388 -2951
0 62 -5285 -1074
0 63 -4182 803
1 0 4150 -707
1 1 5253 1170
1 2 6356 3047
1 3 7459 4924
1 4 8562 6801
1 5 9665 -7706
1 6 10768 -5829
1 7 11871 -3952
1 8 -11602 -2075
1 9 -10499 -198
1 10 -9396 1679
1 11 -8293 3556
1 12 -7190 5433
1 13 -6087 7310
1 14 -4984 -7197
1 15 -3881 -5320
1 16 -2778 -3443
1 17 -1675 -1566
1 18 -572 311
1 19 531 2188
1 20 1634 4065
1 21 2737 5942
1 22 3840 7819
1 23 4943 -6688
1 24 6046 -4811
1 25 7149 -2934
1 26 8252 -1057
1 27 9355 820
1 28 10458 2697
1 29 11561 4574
1 30 -11912 6451
1 31 -10809 -8056
1 32 -9706 -6179
1 33 -8603 -4302
1 34 -7500 -2425
1 35 -6397 -548
1 36 -5294 1329
1 37 -4191 3206
1 38 -3088 5083
1 39 -1985 6960
1 40 -882 -7547
1 41 221 -5670
1 42 1324 -3793
1 43 2427 -1916
1 44 3530 -39
1 45 4633 1838
1 46 5736 3715
1 47 6839 5592
1 48 7942 7469
1 49 9045 -7038
1 50 10148 -5161
1 51 11251 -3284
1 52 -12222 -1407
1 53 -11119 470
1 54 -10016 2347
1 55 -8913 4224
1 56 -7810 6101
1 57 -6707 7978
1 58 -5604 -6529
1 59 -4501 -4652
1 60 -3398 -2775
1 61 -2295 -898
1 62 -1192 979
1 63 -89 2856
2 0 8243 1346
2 1 9346 3223
2 2 10449 5100
2 3 11552 6977
2 4 -11921 -7530
2 5 -10818 -5653
2 6 -9715 -3776
2 7 -8612 -1899
2 8 -7509 -22
2 9 -6406 1855
2 10 -5303 3732
2 11 -4200 5609
2 12 -3097 7486
2 13 -1994 -7021
2 14 -891 -5144
2 15 212 -3267
2 16 1315 -1390
2 17 2418 487
2 18 3521 2364
2 19 4624 4241
2 20 5727 6118
2 21 6830 7995
2 22 7933 -6512
2 23 9036 -4635
2 24 10139 -2758
2 25 11242 -881
2 26 -12231 996
2 27 -11128 2873
2 28 -10025 4750
2 29 -8922 6627
2 30 -7819 -7880
2 31 -6716 -6003
2 32 -5613 -4126
2 33 -4510 -2249
2 34 -3407 -372
2 35 -2304 1505
2 36 -1201 3382
2 37 -98 5259
2 38 1005 7136
2 39 2108 -7371
2 40 3211 -5494
2 41 4314 -3617
2 42 5417 -1740
2 43 6520 137
2 44 7623 2014
2 45 8726 3891
2 46 9829 5768
2 47 10932 7645
2 48 12035 -6862
2 49 -11438 -4985
2 50 -10335 -3108
2 51 -9232 -1231
2 52 -8129 646
2 53 -7026 2523
2 54 -5923 4400
2 55 -4820 6277
2 56 -3717 8154
2 57 -2614 -6353
2 58 -1511 -4476
2 59 -408 -2599
2 60 695 -722
2 61 1798 1155
2 62 2901 3032
2 63 4004 4909
3 0 -12240 3399
3 1 -11137 5276
3 2 -10034 7153
3 3 -8931 -7354
3 4 -7828 -5477
3 5 -6725 -3600
3 6 -5622 -1723
3 7 -4519 154
3 8 -3416 2031
3 9 -2313 3908
3 10 -1210 5785
3 11 -107 7662
3 12 996 -6845
3 13 2099 -4968
3 14 3202 -3091
3 15 4305 -1214
3 16 5408 663
3 17 6511 2540
3 18 7614 4417
3 19 8717 6294
3 20 9820 8171
3 21 10923 -6336
3 22 12026 -4459
3 23 -11447 -2582
3 24 -10344 -705
3 25 -9241 1172
3 26 -8138 3049
3 27 -7035 4926
3 28 -5932 6803
3 29 -4829 -7704
3 30 -3726 -5827
3 31 -2623 -3950
3 32 -1520 -2073
3 33 -417 -196
3 34 686 1681
3 35 1789 3558
3 36 2892 5435
3 37 3995 7312
3 38 5098 -7195
3 39 6201 -5318
3 40 7304 -3441
3 41 8407 -1564
3 42 9510 313
3 43 10613 2190
3 44 11716 4067
3 45 -11757 5944
3 46 -10654 7821
3 47 -9551 -6686
3 48 -8448 -4809
3 49 -7345 -2932
3 50 -6242 -1055
3 51 -5139 822
3 52 -4036 2699
3 53 -2933 4576
3 54 -1830 6453
3 55 -727 -8054
3 56 376 -6177
3 57 1479 -4300
3 58 2582 -2423
3 59 3685 -546
3 60 4788 1331
3 61 5891 3208
3 62 6994 5085
3 63 8097 6962
4 0 -8147 5452
4 1 -7044 7329
4 2 -5941 -7178
4 3 -4838 -5301
4 4 -3735 -3424
4 5 -2632 -1547
4 6 -1529 330
4 7 -426 2207
4 8 677 4084
4 9 1780 5961
4 10 2883 7838
4 11 3986 -6669
4 12 5089 -4792
4 13 6192 -2915
4 14 7295 -1038
4 15 8398 839
4 16 9501 2716
4 17 10604 4593
4 18 11707 6470
4 19 -11766 -8037
4 20 -10663 -6160
4 21 -9560 -4283
4 22 -8457 -2406
4 23 -7354 -529
4 24 -6251 1348
4 25 -5148 3225
4 26 -4045 5102
4 27 -2942 6979
4 28 -1839 -7528
4 29 -736 -5651
4 30 367 -3774
4 31 1470 -1897
4 32 2573 -20
4 33 3676 1857
4 34 4779 3734
4 35 5882 5611
4 36 6985 7488
4 37 8088 -7019
4 38 9191 -5142
4 39 10294 -3265
4 40 11397 -1388
4 41 -12076 489
4 42 -10973 2366
4 43 -9870 4243
4 44 -8767 6120
4 45 -7664 7997
4 46 -6561 -6510
4 47 -5458 -4633
4 48 -4355 -2756
4 49 -3252 -879
4 50 -2149 998
4 51 -1046 2875
4 52 57 4752
4 53 1160 6629
4 54 2263 -7878
4 55 3366 -6001
4 56 4469 -4124
4 57 5572 -2247
4 58 6675 -370
4 59 7778 1507
4 60 8881 3384
4 61 9984 5261
4 62 11087 7138
4 63 12190 -7369
5 0 -4054 7505
5 1 -2951 -7002
5 2 -1848 -5125
5 3 -745 -3248
5 4 358 -1371
5 5 1461 506
5 6 2564 2383
5 7 3667 4260
5 8 4770 6137
5 9 5873 8014
5 10 6976 -6493
5 11 8079 -4616
5 12 9182 -2739
5 13 10285 -862
5 14 11388 1015
5 15 -12085 2892
5 16 -10982 4769
5 17 -9879 6646
5 18 -8776 -7861
5 19 -7673 -5984
5 20 -6570 -4107
5 21 -5467 -2230
5 22 -4364 -353
5 23 -3261 1524
5 24 -2158 3401
5 25 -1055 5278
5 26 48 7155
5 27 1151 -7352
5 28 2254 -5475
5 29 3357 -3598
5 30 4460 -1721
5 31 5563 156
5 32 6666 2033
5 33 7769 3910
5 34 8872 5787
5 35 9975 7664
5 36 11078 -6843
5 37 12181 -4966
5 38 -11292 -3089
5 39 -10189 -1212
5 40 -9086 665
5 41 -7983 2542
5 42 -6880 4419
5 43 -5777 6296
5 44 -4674 8173
5 45 -3571 -6334
5 46 -2468 -4457
5 47 -1365 -2580
5 48 -262 -703
5 49 841 1174
5 50 1944 3051
5 51 3047 4928
5 52 4150 6805
5 53 5253 -7702
5 54 6356 -5825
5 55 7459 -3948
5 56 8562 -2071
5 57 9665 -194
5 58 10768 1683
5 59 11871 3560
5 60 -11602 5437
5 61 -10499 7314
5 62 -9396 -7193
5 63 -8293 -5316
6 0 39 -6826
6 1 1142 -4949
6 2 2245 -3072
6 3 3348 -1195
6 4 4451 682
6 5 5554 2559
6 6 6657 4436
6 7 7760 6313
6 8 8863 8190
6 9 9966 -6317
6 10 11069 -4440
6 11 12172 -2563
6 12 -11301 -686
6 13 -10198 1191
6 14 -9095 3068
6 15 -7992 4945
6 16 -6889 6822
6 17 -5786 -7685
6 18 -4683 -5808
6 19 -3580 -3931
6 20 -2477 -2054
6 21 -1374 -177
6 22 -271 1700
6 23 832 3577
6 24 1935 5454
6 25 3038 7331
6 26 4141 -7176
6 27 5244 -5299
6 28 6347 -3422
6 29 7450 -1545
6 30 8553 332
6 31 9656 2209
6 32 10759 4086
6 33 11862 5963
6 34 -11611 7840
6 35 -10508 -6667
6 36 -9405 -4790
6 37 -8302 -2913
6 38 -7199 -1036
6 39 -6096 841
6 40 -4993 2718
6 41 -3890 4595
6 42 -2787 6472
6 43 -1684 -8035
6 44 -581 -6158
6 45 522 -4281
6 46 1625 -2404
6 47 2728 -527
6 48 3831 1350
6 49 4934 3227
6 50 6037 5104
6 51 7140 6981
6 52 8243 -7526
6 53 9346 -5649
6 54 10449 -3772
6 55 11552 -1895
6 56 -11921 -18
6 57 -10818 1859
6 58 -9715 3736
6 59 -8612 5613
6 60 -7509 7490
6 61 -6406 -7017
6 62 -5303 -5140
6 63 -4200 -3263
7 0 4132 -4773
7 1 5235 -2896
7 2 6338 -1019
7 3 7441 858
7 4 8544 2735
7 5 9647 4612
7 6 10750 6489
7 7 11853 -8018
7 8 -11620 -6141
7 9 -10517 -4264
7 10 -9414 -2387
7 11 -8311 -510
7 12 -7208 1367
7 13 -6105 3244
7 14 -5002 5121
7 15 -3899 6998
7 16 -2796 -7509
7 17 -1693 -5632
7 18 -590 -3755
7 19 513 -1878
7 20 1616 -1
7 21 2719 1876
7 22 3822 3753
7 23 4925 5630
7 24 6028 7507
7 25 7131 -7000
7 26 8234 -5123
7 27 9337 -3246
7 28 10440 -1369
7 29 11543 508
7 30 -11930 2385
7 31 -10827 4262
7 32 -9724 6139
7 33 -8621 8016
7 34 -7518 -6491
7 35 -6415 -4614
7 36 -5312 -2737
7 37 -4209 -860
7 38 -3106 1017
7 39 -2003 2894
7 40 -900 4771
7 41 203 6648
7 42 1306 -7859
7 43 2409 -5982
7 44 3512 -4105
7 45 4615 -2228
7 46 5718 -351
7 47 6821 1526
7 48 7924 3403
7 49 9027 5280
7 50 10130 7157
7 51 11233 -7350
7 52 -12240 -5473
7 53 -11137 -3596
7 54 -10034 -1719
7 55 -8931 158
7 56 -7828 2035
7 57 -6725 3912
7 58 -5622 5789
7 59 -4519 7666
7 60 -3416 -6841
7 61 -2313 -4964
7 62 -1210 -3087
7 63 -107 -1210
8 0 8225 -2720
8 1 9328 -843
8 2 10431 1034
8 3 11534 2911
8 4 -11939 4788
8 5 -10836 6665
8 6 -9733 -7842
8 7 -8630 -5965
8 8 -7527 -4088
8 9 -6424 -2211
8 10 -5321 -334
8 11 -4218 1543
8 12 -3115 3420
8 13 -2012 5297
8 14 -909 7174
8 15 194 -7333
8 16 1297 -5456
8 17 2400 -3579
8 18 3503 -1702
8 19 4606 175
8 20 5709 2052
8 21 6812 3929
8 22 7915 5806
8 23 9018 7683
8 24 10121 -6824
8 25 11224 -4947
8 26 -12249 -3070
8 27 -11146 -1193
8 28 -10043 684
8 29 -8940 2561
8 30 -7837 4438
8 31 -6734 6315
8 32 -5631 -8192
8 33 -4528 -6315
8 34 -3425 -4438
8 35 -2322 -2561
8 36 -1219 -684
8 37 -116 1193
8 38 987 3070
8 39 2090 4947
8 40 3193 6824
8 41 4296 -7683
8 42 5399 -5806
8 43 6502 -3929
8 44 7605 -2052
8 45 8708 -175
8 46 9811 1702
8 47 10914 3579
8 48 12017 5456
8 49 -11456 7333
8 50 -10353 -7174
8 51 -9250 -5297
8 52 -8147 -3420
8 53 -7044 -1543
8 54 -5941 334
8 55 -4838 2211
8 56 -3735 4088
8 57 -2632 5965
8 58 -1529 7842
8 59 -426 -6665
8 60 677 -4788
8 61 1780 -2911
8 62 2883 -1034
8 63 3986 843
9 0 -12258 -667
9 1 -11155 1210
9 2 -10052 3087
9 3 -8949 4964
9 4 -7846 6841
9 5 -6743 -7666
9 6 -5640 -5789
9 7 -4537 -3912
9 8 -3434 -2035
9 9 -2331 -158
9 10 -1228 1719
9 11 -125 3596
9 12 978 5473
9 13 2081 7350
9 14 3184 -7157
9 15 4287 -5280
9 16 5390 -3403
9 17 6493 -1526
9 18 7596 351
9 19 8699 2228
9 20 9802 4105
9 21 10905 5982
9 22 12008 7859
9 23 -11465 -6648
9 24 -10362 -4771
9 25 -9259 -2894
9 26 -8156 -1017
9 27 -7053 860
9 28 -5950 2737
9 29 -4847 4614
9 30 -3744 6491
9 31 -2641 -8016
9 32 -1538 -6139
9 33 -435 -4262
9 34 668 -2385
9 35 1771 -508
9 36 2874 1369
9 37 3977 3246
9 38 5080 5123
9 39 6183 7000
9 40 7286 -7507
9 41 8389 -5630
9 42 9492 -3753
9 43 10595 -1876
9 44 11698 1
9 45 -11775 1878
9 46 -10672 3755
9 47 -9569 5632
9 48 -8466 7509
9 49 -7363 -6998
9 50 -6260 -5121
9 51 -5157 -3244
9 52 -4054 -1367
9 53 -2951 510
9 54 -1848 2387
9 55 -745 4264
9 56 358 6141
9 57 1461 8018
9 58 2564 -6489
9 59 3667 -4612
9 60 4770 -2735
9 61 5873 -858
9 62 6976 1019
9 63 8079 2896
